   0.0000000000000000       -0.0000000000000000     
   6.2831853071795866E-003  -3.1415719827794755E-003
   1.2566370614359173E-002  -6.2830199416763037E-003
   1.8849555921538759E-002  -9.4242198577040876E-003
   2.5132741228718346E-002  -1.2565047721668740E-002
   3.1415926535897934E-002  -1.5705379539064146E-002
   3.7699111843077518E-002  -1.8845091334967271E-002
   4.3982297150257102E-002  -2.1984059158932451E-002
   5.0265482457436693E-002  -2.5122159089884778E-002
   5.6548667764616277E-002  -2.8259267241012263E-002
   6.2831853071795868E-002  -3.1395259764656687E-002
   6.9115038378975438E-002  -3.4530012857202891E-002
   7.5398223686155036E-002  -3.7663402763966361E-002
   8.1681408993334634E-002  -4.0795305784078778E-002
   8.7964594300514204E-002  -4.3925598275371583E-002
   9.4247779607693788E-002  -4.7054156659257156E-002
  0.10053096491487339       -5.0180857425607447E-002
  0.10681415022205297       -5.3305577137629956E-002
  0.11309733552923255       -5.6428192436740840E-002
  0.11938052083641214       -5.9548580047434865E-002
  0.12566370614359174       -6.2666616782152129E-002
  0.13194689145077132       -6.5782179546141253E-002
  0.13823007675795088       -6.8895145342319025E-002
  0.14451326206513049       -7.2005391276126082E-002
  0.15079644737231007       -7.5112794560378532E-002
  0.15707963267948966       -7.8217232520115434E-002
  0.16336281798666927       -8.1318582597441805E-002
  0.16964600329384882       -8.4416722356366936E-002
  0.17592918860102841       -8.7511529487638018E-002
  0.18221237390820802       -9.0602881813568681E-002
  0.18849555921538758       -9.3690657292862300E-002
  0.19477874452256716       -9.6774734025430117E-002
  0.20106192982974677       -9.9854990257203513E-002
  0.20734511513692636      -0.10293130438494066     
  0.21362830044410594      -0.10600355496102731     
  0.21991148575128552      -0.10907162069827127     
  0.22619467105846511      -0.11213538047469059     
  0.23247785636564469      -0.11519471333829528     
  0.23876104167282428      -0.11824949851186234     
  0.24504422698000386      -0.12129961539770370     
  0.25132741228718347      -0.12434494358242740     
  0.25761059759436300      -0.12738536284169105     
  0.26389378290154264      -0.13042075314494847     
  0.27017696820872222      -0.13345099466018778     
  0.27646015351590175      -0.13647596775866258     
  0.28274333882308139      -0.13949555301961464     
  0.28902652413026098      -0.14250963123498805     
  0.29530970943744056      -0.14551808341413591     
  0.30159289474462014      -0.14852079078851746     
  0.30787608005179973      -0.15151763481638697     
  0.31415926535897931      -0.15450849718747370     
  0.32044245066615890      -0.15749325982765239     
  0.32672563597333854      -0.16047180490360477     
  0.33300882128051806      -0.16344401482747123     
  0.33929200658769765      -0.16640977226149331     
  0.34557519189487729      -0.16936896012264571     
  0.35185837720205682      -0.17232146158725853     
  0.35814156250923640      -0.17526716009562948     
  0.36442474781641604      -0.17820593935662538     
  0.37070793312359557      -0.18113768335227282     
  0.37699111843077515      -0.18406227634233896     
  0.38327430373795479      -0.18697960286890022     
  0.38955748904513432      -0.18988954776090053     
  0.39584067435231396      -0.19279199613869827     
  0.40212385965949354      -0.19568683341860121     
  0.40840704496667307      -0.19857394531739028     
  0.41469023027385271      -0.20145321785683132     
  0.42097341558103230      -0.20432453736817452     
  0.42725660088821188      -0.20718779049664207     
  0.43353978619539146      -0.21004286420590312     
  0.43982297150257105      -0.21288964578253633     
  0.44610615680975063      -0.21572802284047948     
  0.45238934211693022      -0.21855788332546644     
  0.45867252742410980      -0.22137911551945075     
  0.46495571273128938      -0.22419160804501612     
  0.47123889803846897      -0.22699524986977337     
  0.47752208334564855      -0.22978993031074391     
  0.48380526865282814      -0.23257553903872916     
  0.49008845396000772      -0.23535196608266626     
  0.49637163926718736      -0.23811910183396956     
  0.50265482457436694      -0.24087683705085766     
  0.50893800988154647      -0.24362506286266614     
  0.51522119518872600      -0.24636367077414575     
  0.52150438049590575      -0.24909255266974545     
  0.52778756580308528      -0.25181160081788040     
  0.53407075111026481      -0.25452070787518566     
  0.54035393641744445      -0.25721976689075321     
  0.54663712172462398      -0.25990867131035472     
  0.55292030703180350      -0.26258731498064780     
  0.55920349233898325      -0.26525559215336703     
  0.56548667764616278      -0.26791339748949833     
  0.57176986295334231      -0.27056062606343789     
  0.57805304826052195      -0.27319717336713456     
  0.58433623356770148      -0.27582293531421509     
  0.59061941887488112      -0.27843780824409398     
  0.59690260418206076      -0.28104168892606529     
  0.60318578948924029      -0.28363447456337826     
  0.60946897479641982      -0.28621606279729539     
  0.61575216010359946      -0.28878635171113382     
  0.62203534541077909      -0.29134523983428806     
  0.62831853071795862      -0.29389262614623657     
  0.63460171602513826      -0.29642841008052961     
  0.64088490133231779      -0.29895249152875941     
  0.64716808663949732      -0.30146477084451234     
  0.65345127194667707      -0.30396514884730275     
  0.65973445725385660      -0.30645352682648824     
  0.66601764256103613      -0.30892980654516716     
  0.67230082786821577      -0.31139389024405628     
  0.67858401317539530      -0.31384568064535023     
  0.68486719848257482      -0.31628508095656221     
  0.69115038378975457      -0.31871199487434487     
  0.69743356909693410      -0.32112632658829221     
  0.70371675440411363      -0.32352798078472211     
  0.70999993971129327      -0.32591686265043940     
  0.71628312501847280      -0.32829287787647821     
  0.72256631032565244      -0.33065593266182591     
  0.72884949563283208      -0.33300593371712583     
  0.73513268094001161      -0.33534278826836000     
  0.74141586624719114      -0.33766640406051218     
  0.74769905155437077      -0.33997668936120962     
  0.75398223686155030      -0.34227355296434431     
  0.76026542216872994      -0.34455690419367424     
  0.76654860747590958      -0.34682665290640252     
  0.77283179278308911      -0.34908270949673631     
  0.77911497809026864      -0.35132498489942460     
  0.78539816339744828      -0.35355339059327373     
  0.79168134870462792      -0.35576783860464267     
  0.79796453401180745      -0.35796824151091555     
  0.80424771931898709      -0.36015451244395347     
  0.81053090462616662      -0.36232656509352329     
  0.81681408993334614      -0.36448431371070572     
  0.82309727524052589      -0.36662767311128003     
  0.82938046054770542      -0.36875655867908697     
  0.83566364585488495      -0.37087088636936960     
  0.84194683116206459      -0.37297057271209105     
  0.84823001646924412      -0.37505553481522974     
  0.85451320177642376      -0.37712569036805188     
  0.86079638708360340      -0.37918095764436094     
  0.86707957239078293      -0.38122125550572394     
  0.87336275769796246      -0.38324650340467492     
  0.87964594300514209      -0.38525662138789463     
  0.88592912831232162      -0.38725153009936691     
  0.89221231361950126      -0.38923115078351173     
  0.89849549892668090      -0.39119540528829405     
  0.90477868423386043      -0.39314421606830946     
  0.91106186954103996      -0.39507750618784515     
  0.91734505484821960      -0.39699519932391764     
  0.92362824015539924      -0.39889721976928549     
  0.92991142546257877      -0.40078349243543826     
  0.93619461076975841      -0.40265394285556100     
  0.94247779607693793      -0.40450849718747373     
  0.94876098138411746      -0.40634708221654697     
  0.95504416669129710      -0.40816962535859197     
  0.96132735199847674      -0.40997605466272619     
  0.96761053730565627      -0.41176629881421373     
  0.97389372261283591      -0.41354028713728092     
  0.98017690792001544      -0.41529794959790628     
  0.98646009322719497      -0.41703921680658557     
  0.99274327853437472      -0.41876402002107088     
  0.99902646384155425      -0.42047229114908452     
   1.0053096491487339      -0.42216396275100754     
   1.0115928344559133      -0.42383896804254156     
   1.0178760197630929      -0.42549724089734592     
   1.0241592050702726      -0.42713871584964758     
   1.0304423903774520      -0.42876332809682610     
   1.0367255756846316      -0.43037101350197177     
   1.0430087609918115      -0.43196170859641769     
   1.0492919462989909      -0.43353535058224502     
   1.0555751316061706      -0.43509187733476284     
   1.0618583169133502      -0.43663122740496008     
   1.0681415022205296      -0.43815334002193179     
   1.0744246875277093      -0.43965815509527811     
   1.0807078728348889      -0.44114561321747664     
   1.0869910581420683      -0.44261565566622757     
   1.0932742434492480      -0.44406822440677224     
   1.0995574287564276      -0.44550326209418389     
   1.1058406140636070      -0.44692071207563183     
   1.1121237993707869      -0.44832051839261794     
   1.1184069846779665      -0.44970262578318554     
   1.1246901699851459      -0.45106697968410142     
   1.1309733552923256      -0.45241352623300979     
   1.1372565405995052      -0.45374221227055850     
   1.1435397259066846      -0.45505298534249783     
   1.1498229112138643      -0.45634579370175138     
   1.1561060965210439      -0.45762058631045877     
   1.1623892818282233      -0.45887731284199051     
   1.1686724671354030      -0.46011592368293514     
   1.1749556524425828      -0.46133636993505744     
   1.1812388377497622      -0.46253860341722902     
   1.1875220230569419      -0.46372257666733069     
   1.1938052083641215      -0.46488824294412573     
   1.2000883936713009      -0.46603555622910547     
   1.2063715789784806      -0.46716447122830601     
   1.2126547642856602      -0.46827494337409620     
   1.2189379495928396      -0.46936692882693704     
   1.2252211349000193      -0.47044038447711273     
   1.2315043202071989      -0.47149526794643221     
   1.2377875055143783      -0.47253153758990241     
   1.2440706908215582      -0.47354915249737217     
   1.2503538761287378      -0.47454807249514730     
   1.2566370614359172      -0.47552825814757677     
   1.2629202467430969      -0.47648967075860943     
   1.2692034320502765      -0.47743227237332148     
   1.2754866173574559      -0.47835602577941522     
   1.2817698026646356      -0.47926089450868792     
   1.2880529879718152      -0.48014684283847153     
   1.2943361732789946      -0.48101383579304291     
   1.3006193585861743      -0.48186183914500486     
   1.3069025438933541      -0.48269081941663694     
   1.3131857292005336      -0.48350074388121750     
   1.3194689145077132      -0.48429158056431554     
   1.3257520998148928      -0.48506329824505295     
   1.3320352851220723      -0.48581586645733693     
   1.3383184704292519      -0.48654925549106326     
   1.3446016557364315      -0.48726343639328856     
   1.3508848410436110      -0.48795838096937366     
   1.3571680263507906      -0.48863406178409674     
   1.3634512116579702      -0.48929045216273603     
   1.3697343969651496      -0.48992752619212343     
   1.3760175822723295      -0.49054525872166704     
   1.3823007675795091      -0.49114362536434436     
   1.3885839528866886      -0.49172260249766486     
   1.3948671381938682      -0.49228216726460267     
   1.4011503235010478      -0.49282229757449902     
   1.4074335088082273      -0.49334297210393402     
   1.4137166941154069      -0.49384417029756889     
   1.4199998794225865      -0.49432587236895703     
   1.4262830647297660      -0.49478805930132547     
   1.4325662500369456      -0.49523071284832559     
   1.4388494353441252      -0.49565381553475329     
   1.4451326206513049      -0.49605735065723894     
   1.4514158059584845      -0.49644130228490685     
   1.4576989912656642      -0.49680565526000420     
   1.4639821765728436      -0.49715039519849946     
   1.4702653618800232      -0.49747550849065009     
   1.4765485471872029      -0.49778098230154000     
   1.4828317324943823      -0.49806680457158625     
   1.4891149178015619      -0.49833296401701493     
   1.4953981031087415      -0.49857945013030697     
   1.5016812884159210      -0.49880625318061261     
   1.5079644737231006      -0.49901336421413578     
   1.5142476590302805      -0.49920077505448751     
   1.5205308443374599      -0.49936847830300873     
   1.5268140296446395      -0.49951646733906235     
   1.5330972149518192      -0.49964473632029460     
   1.5393804002589986      -0.49975328018286580     
   1.5456635855661782      -0.49984209464164997     
   1.5519467708733579      -0.49991117619040448     
   1.5582299561805373      -0.49996052210190806     
   1.5645131414877169      -0.49999013042806856     
   1.5707963267948966      -0.50000000000000000     
   1.5770795121020762      -0.49999013042806856     
   1.5833626974092558      -0.49996052210190806     
   1.5896458827164355      -0.49991117619040448     
   1.5959290680236149      -0.49984209464164997     
   1.6022122533307945      -0.49975328018286580     
   1.6084954386379742      -0.49964473632029460     
   1.6147786239451536      -0.49951646733906235     
   1.6210618092523332      -0.49936847830300873     
   1.6273449945595129      -0.49920077505448751     
   1.6336281798666923      -0.49901336421413578     
   1.6399113651738719      -0.49880625318061261     
   1.6461945504810518      -0.49857945013030697     
   1.6524777357882312      -0.49833296401701493     
   1.6587609210954108      -0.49806680457158625     
   1.6650441064025905      -0.49778098230154000     
   1.6713272917097699      -0.49747550849065009     
   1.6776104770169495      -0.49715039519849946     
   1.6838936623241292      -0.49680565526000420     
   1.6901768476313086      -0.49644130228490685     
   1.6964600329384882      -0.49605735065723894     
   1.7027432182456679      -0.49565381553475329     
   1.7090264035528475      -0.49523071284832559     
   1.7153095888600272      -0.49478805930132547     
   1.7215927741672068      -0.49432587236895698     
   1.7278759594743862      -0.49384417029756889     
   1.7341591447815659      -0.49334297210393402     
   1.7404423300887455      -0.49282229757449902     
   1.7467255153959249      -0.49228216726460272     
   1.7530087007031045      -0.49172260249766486     
   1.7592918860102842      -0.49114362536434436     
   1.7655750713174636      -0.49054525872166704     
   1.7718582566246432      -0.48992752619212343     
   1.7781414419318231      -0.48929045216273603     
   1.7844246272390025      -0.48863406178409674     
   1.7907078125461822      -0.48795838096937372     
   1.7969909978533618      -0.48726343639328856     
   1.8032741831605412      -0.48654925549106331     
   1.8095573684677209      -0.48581586645733699     
   1.8158405537749005      -0.48506329824505290     
   1.8221237390820799      -0.48429158056431559     
   1.8284069243892596      -0.48350074388121755     
   1.8346901096964392      -0.48269081941663694     
   1.8409732950036186      -0.48186183914500491     
   1.8472564803107985      -0.48101383579304297     
   1.8535396656179781      -0.48014684283847153     
   1.8598228509251575      -0.47926089450868797     
   1.8661060362323372      -0.47835602577941522     
   1.8723892215395168      -0.47743227237332148     
   1.8786724068466962      -0.47648967075860943     
   3.7699111843077517       0.29389262614623651     
   3.7761943696149314       0.29642841008052956     
   3.7824775549221110       0.29895249152875941     
   3.7887607402292907       0.30146477084451234     
   3.7950439255364699       0.30396514884730252     
   3.8013271108436499       0.30645352682648830     
   3.8076102961508291       0.30892980654516705     
   3.8138934814580088       0.31139389024405617     
   3.8201766667651884       0.31384568064535018     
   3.8264598520723681       0.31628508095656216     
   3.8327430373795477       0.31871199487434482     
   3.8390262226867273       0.32112632658829221     
   3.8453094079939070       0.32352798078472217     
   3.8515925933010862       0.32591686265043923     
   3.8578757786082662       0.32829287787647826     
   3.8641589639154454       0.33065593266182586     
   3.8704421492226251       0.33300593371712572     
   3.8767253345298047       0.33534278826835995     
   3.8830085198369844       0.33766640406051218     
   3.8892917051441640       0.33997668936120962     
   3.8955748904513436       0.34227355296434436     
   3.9018580757585233       0.34455690419367424     
   3.9081412610657025       0.34682665290640236     
   3.9144244463728826       0.34908270949673642     
   3.9207076316800618       0.35132498489942454     
   3.9269908169872414       0.35355339059327373     
   3.9332740022944210       0.35576783860464262     
   3.9395571876016007       0.35796824151091555     
   3.9458403729087799       0.36015451244395330     
   3.9521235582159600       0.36232656509352335     
   3.9584067435231396       0.36448431371070578     
   3.9646899288303188       0.36662767311127992     
   3.9709731141374989       0.36875655867908702     
   3.9772562994446781       0.37087088636936955     
   3.9835394847518577       0.37297057271209105     
   3.9898226700590373       0.37505553481522974     
   3.9961058553662170       0.37712569036805188     
   4.0023890406733962       0.37918095764436077     
   4.0086722259805763       0.38122125550572394     
   4.0149554112877555       0.38324650340467481     
   4.0212385965949355       0.38525662138789468     
   4.0275217819021147       0.38725153009936686     
   4.0338049672092939       0.38923115078351150     
   4.0400881525164740       0.39119540528829405     
   4.0463713378236532       0.39314421606830929     
   4.0526545231308333       0.39507750618784521     
   4.0589377084380125       0.39699519932391752     
   4.0652208937451926       0.39889721976928555     
   4.0715040790523718       0.40078349243543820     
   4.0777872643595519       0.40265394285556105     
   4.0840704496667311       0.40450849718747367     
   4.0903536349739102       0.40634708221654681     
   4.0966368202810903       0.40816962535859197     
   4.1029200055882704       0.40997605466272630     
   4.1092031908954496       0.41176629881421373     
   4.1154863762026288       0.41354028713728080     
   4.1217695615098080       0.41529794959790611     
   4.1280527468169881       0.41703921680658551     
   4.1343359321241682       0.41876402002107094     
   4.1406191174313474       0.42047229114908452     
   4.1469023027385266       0.42216396275100743     
   4.1531854880457066       0.42383896804254162     
   4.1594686733528858       0.42549724089734581     
   4.1657518586600650       0.42713871584964735     
   4.1720350439672460       0.42876332809682627     
   4.1783182292744252       0.43037101350197188     
   4.1846014145816044       0.43196170859641758     
   4.1908845998887836       0.43353535058224490     
   4.1971677851959637       0.43509187733476279     
   4.2034509705031429       0.43663122740495997     
   4.2097341558103230       0.43815334002193179     
   4.2160173411175021       0.43965815509527806     
   4.2223005264246822       0.44114561321747670     
   4.2285837117318614       0.44261565566622757     
   4.2348668970390406       0.44406822440677213     
   4.2411500823462207       0.44550326209418389     
   4.2474332676534008       0.44692071207563194     
   4.2537164529605800       0.44832051839261794     
   4.2599996382677592       0.44970262578318543     
   4.2662828235749393       0.45106697968410142     
   4.2725660088821185       0.45241352623300968     
   4.2788491941892977       0.45374221227055833     
   4.2851323794964777       0.45505298534249777     
   4.2914155648036578       0.45634579370175143     
   4.2976987501108370       0.45762058631045877     
   4.3039819354180162       0.45887731284199046     
   4.3102651207251963       0.46011592368293519     
   4.3165483060323755       0.46133636993505733     
   4.3228314913395556       0.46253860341722902     
   4.3291146766467348       0.46372257666733058     
   4.3353978619539149       0.46488824294412573     
   4.3416810472610941       0.46603555622910542     
   4.3479642325682732       0.46716447122830590     
   4.3542474178754524       0.46827494337409598     
   4.3605306031826334       0.46936692882693709     
   4.3668137884898126       0.47044038447711273     
   4.3730969737969918       0.47149526794643215     
   4.3793801591041719       0.47253153758990246     
   4.3856633444113511       0.47354915249737212     
   4.3919465297185303       0.47454807249514719     
   4.3982297150257104       0.47552825814757677     
   4.4045129003328904       0.47648967075860948     
   4.4107960856400696       0.47743227237332148     
   4.4170792709472488       0.47835602577941516     
   4.4233624562544280       0.47926089450868781     
   4.4296456415616081       0.48014684283847148     
   4.4359288268687882       0.48101383579304297     
   4.4422120121759674       0.48186183914500480     
   4.4484951974831475       0.48269081941663700     
   4.4547783827903267       0.48350074388121750     
   4.4610615680975059       0.48429158056431548     
   4.4673447534046851       0.48506329824505279     
   4.4736279387118660       0.48581586645733704     
   4.4799111240190452       0.48654925549106331     
   4.4861943093262244       0.48726343639328856     
   4.4924774946334045       0.48795838096937372     
   4.4987606799405837       0.48863406178409668     
   4.5050438652477629       0.48929045216273598     
   4.5113270505549430       0.48992752619212343     
   4.5176102358621231       0.49054525872166710     
   4.5238934211693023       0.49114362536434436     
   4.5301766064764815       0.49172260249766481     
   4.5364597917836607       0.49228216726460261     
   4.5427429770908407       0.49282229757449897     
   4.5490261623980208       0.49334297210393407     
   4.5553093477052000       0.49384417029756883     
   4.5615925330123801       0.49432587236895703     
   4.5678757183195593       0.49478805930132547     
   4.5741589036267385       0.49523071284832559     
   4.5804420889339177       0.49565381553475324     
   4.5867252742410987       0.49605735065723894     
   4.5930084595482779       0.49644130228490685     
   4.5992916448554571       0.49680565526000420     
   4.6055748301626362       0.49715039519849941     
   4.6118580154698163       0.49747550849065009     
   4.6181412007769955       0.49778098230154000     
   4.6244243860841756       0.49806680457158625     
   4.6307075713913557       0.49833296401701493     
   4.6369907566985349       0.49857945013030697     
   4.6432739420057141       0.49880625318061261     
   4.6495571273128933       0.49901336421413578     
   4.6558403126200734       0.49920077505448751     
   4.6621234979272534       0.49936847830300873     
   4.6684066832344326       0.49951646733906235     
   4.6746898685416118       0.49964473632029460     
   4.6809730538487919       0.49975328018286580     
   4.6872562391559711       0.49984209464164997     
   4.6935394244631503       0.49991117619040448     
   4.6998226097703313       0.49996052210190806     
   4.7061057950775105       0.49999013042806856     
   4.7123889803846897       0.50000000000000000     
   4.7186721656918689       0.49999013042806856     
   4.7249553509990490       0.49996052210190806     
   4.7312385363062281       0.49991117619040448     
   4.7375217216134082       0.49984209464164997     
   4.7438049069205874       0.49975328018286580     
   4.7500880922277675       0.49964473632029460     
   4.7563712775349467       0.49951646733906235     
   4.7626544628421259       0.49936847830300879     
   4.7689376481493060       0.49920077505448751     
   4.7752208334564861       0.49901336421413578     
   4.7815040187636653       0.49880625318061261     
   4.7877872040708445       0.49857945013030697     
   4.7940703893780245       0.49833296401701493     
   4.8003535746852037       0.49806680457158625     
   4.8066367599923829       0.49778098230154005     
   4.8129199452995630       0.49747550849065009     
   4.8192031306067431       0.49715039519849941     
   4.8254863159139223       0.49680565526000420     
   4.8317695012211015       0.49644130228490685     
   4.8380526865282816       0.49605735065723894     
   4.8443358718354608       0.49565381553475329     
   4.8506190571426409       0.49523071284832559     
   4.8569022424498201       0.49478805930132552     
   4.8631854277570001       0.49432587236895698     
   4.8694686130641793       0.49384417029756889     
   4.8757517983713585       0.49334297210393407     
   4.8820349836785377       0.49282229757449908     
   4.8883181689857187       0.49228216726460267     
   4.8946013542928979       0.49172260249766486     
   4.9008845396000771       0.49114362536434436     
   4.9071677249072572       0.49054525872166704     
   4.9134509102144364       0.48992752619212349     
   4.9197340955216156       0.48929045216273614     
   4.9260172808287956       0.48863406178409674     
   4.9323004661359757       0.48795838096937366     
   4.9385836514431549       0.48726343639328856     
   4.9448668367503341       0.48654925549106331     
   4.9511500220575133       0.48581586645733704     
   4.9574332073646934       0.48506329824505295     
   4.9637163926718735       0.48429158056431554     
   4.9699995779790527       0.48350074388121755     
   4.9762827632862328       0.48269081941663688     
   4.9825659485934120       0.48186183914500486     
   4.9888491339005911       0.48101383579304302     
   4.9951323192077703       0.48014684283847164     
   5.0014155045149513       0.47926089450868786     
   5.0076986898221305       0.47835602577941522     
   5.0139818751293097       0.47743227237332153     
   5.0202650604364889       0.47648967075860954     
   5.0265482457436690       0.47552825814757682     
   5.0328314310508482       0.47454807249514741     
   5.0391146163580283       0.47354915249737217     
   5.0453978016652083       0.47253153758990235     
   5.0516809869723875       0.47149526794643221     
   5.0579641722795667       0.47044038447711278     
   5.0642473575867459       0.46936692882693720     
   5.0705305428939260       0.46827494337409620     
   5.0768137282011061       0.46716447122830601     
   5.0830969135082853       0.46603555622910553     
   5.0893800988154645       0.46488824294412578     
   5.0956632841226446       0.46372257666733069     
   5.1019464694298238       0.46253860341722913     
   5.1082296547370030       0.46133636993505756     
   5.1145128400441839       0.46011592368293508     
   5.1207960253513631       0.45887731284199051     
   5.1270792106585423       0.45762058631045882     
   5.1333623959657215       0.45634579370175155     
   5.1396455812729016       0.45505298534249788     
   5.1459287665800808       0.45374221227055855     
   5.1522119518872609       0.45241352623300979     
   5.1584951371944401       0.45106697968410153     
   5.1647783225016202       0.44970262578318548     
   5.1710615078087994       0.44832051839261799     
   5.1773446931159786       0.44692071207563205     
   5.1836278784231586       0.44550326209418400     
   5.1899110637303387       0.44406822440677218     
   5.1961942490375179       0.44261565566622763     
   5.2024774343446971       0.44114561321747675     
   5.2087606196518772       0.43965815509527811     
   5.2150438049590564       0.43815334002193190     
   5.2213269902662356       0.43663122740496024     
   5.2276101755734166       0.43509187733476268     
   5.2338933608805958       0.43353535058224496     
   5.2401765461877750       0.43196170859641769     
   5.2464597314949541       0.43037101350197199     
   5.2527429168021342       0.42876332809682616     
   5.2590261021093134       0.42713871584964769     
   5.2653092874164935       0.42549724089734592     
   5.2715924727236727       0.42383896804254173     
   5.2778756580308528       0.42216396275100748     
   5.2841588433380320       0.42047229114908463     
   5.2904420286452112       0.41876402002107105     
   5.2967252139523913       0.41703921680658562     
   5.3030083992595713       0.41529794959790622     
   5.3092915845667505       0.41354028713728092     
   5.3155747698739297       0.41176629881421384     
   5.3218579551811098       0.40997605466272613     
   5.3281411404882890       0.40816962535859208     
   5.3344243257954682       0.40634708221654720     
   5.3407075111026483       0.40450849718747378     
   5.3469906964098284       0.40265394285556089     
   5.3532738817170076       0.40078349243543832     
   5.3595570670241868       0.39889721976928566     
   5.3658402523313669       0.39699519932391764     
   5.3721234376385461       0.39507750618784532     
   5.3784066229457261       0.39314421606830940     
   5.3846898082529053       0.39119540528829416     
   5.3909729935600854       0.38923115078351167     
   5.3972561788672646       0.38725153009936697     
   5.4035393641744438       0.38525662138789479     
   5.4098225494816230       0.38324650340467525     
   5.4161057347888040       0.38122125550572378     
   5.4223889200959832       0.37918095764436088     
   5.4286721054031624       0.37712569036805205     
   5.4349552907103424       0.37505553481522974     
   5.4412384760175216       0.37297057271209116     
   5.4475216613247008       0.37087088636936982     
   5.4538048466318809       0.36875655867908702     
   5.4600880319390610       0.36662767311127986     
   5.4663712172462402       0.36448431371070578     
   5.4726544025534194       0.36232656509352346     
   5.4789375878605986       0.36015451244395374     
   5.4852207731677787       0.35796824151091572     
   5.4915039584749588       0.35576783860464262     
   5.4977871437821380       0.35355339059327384     
   5.5040703290893180       0.35132498489942449     
   5.5103535143964972       0.34908270949673637     
   5.5166366997036764       0.34682665290640269     
   5.5229198850108556       0.34455690419367457     
   5.5292030703180366       0.34227355296434414     
   5.5354862556252158       0.33997668936120956     
   5.5417694409323950       0.33766640406051235     
   5.5480526262395742       0.33534278826836028     
   5.5543358115467543       0.33300593371712589     
   5.5606189968539335       0.33065593266182614     
   5.5669021821611135       0.32829287787647826     
   5.5731853674682936       0.32591686265043923     
   5.5794685527754728       0.32352798078472217     
   5.5857517380826520       0.32112632658829232     
   5.5920349233898312       0.31871199487434515     
   5.5983181086970113       0.31628508095656233     
   5.6046012940041914       0.31384568064535012     
   5.6108844793113706       0.31139389024405634     
   5.6171676646185498       0.30892980654516738     
   5.6234508499257299       0.30645352682648824     
   5.6297340352329091       0.30396514884730286     
   5.6360172205400882       0.30146477084451268     
   5.6423004058472692       0.29895249152875919     
   5.6485835911544484       0.29642841008052956     
