   0.0000000000000000       -7.8539557954061866E-004
   6.2831853071795866E-003  -3.1415513121099232E-003
   1.2566370614359173E-002  -6.2829786011405053E-003
   1.8849555921538759E-002  -9.4241578489422644E-003
   2.5132741228718346E-002  -1.2564965047137088E-002
   3.1415926535897934E-002  -1.5705276202021595E-002
   3.7699111843077518E-002  -1.8844967339479313E-002
   4.3982297150257102E-002  -2.1983914509901715E-002
   5.0265482457436693E-002  -2.5121993793029720E-002
   5.6548667764616277E-002  -2.8259081302839398E-002
   6.2831853071795868E-002  -3.1395053192533641E-002
   6.9115038378975438E-002  -3.4529785659286528E-002
   7.5398223686155036E-002  -3.7663154949208494E-002
   8.1681408993334634E-002  -4.0795037362258528E-002
   8.7964594300514204E-002  -4.3925309257076869E-002
   9.4247779607693788E-002  -4.7053847055923671E-002
  0.10053096491487339       -5.0180527249449852E-002
  0.10681415022205297       -5.3305226401679964E-002
  0.11309733552923255       -5.6427821154853688E-002
  0.11938052083641214       -5.9548188234258538E-002
  0.12566370614359174       -6.2666204453150853E-002
  0.13194689145077132       -6.5781746717597331E-002
  0.13823007675795088       -6.8894692031334220E-002
  0.14451326206513049       -7.2004917500582286E-002
  0.15079644737231007       -7.5112300338976687E-002
  0.15707963267948966       -7.8216717872373193E-002
  0.16336281798666927       -8.1318047543671931E-002
  0.16964600329384882       -8.4416166917685498E-002
  0.17592918860102841       -8.7510953685998080E-002
  0.18221237390820802       -9.0602285671683311E-002
  0.18849555921538758       -9.3690040834260607E-002
  0.19477874452256716       -9.6774097274457169E-002
  0.20106192982974677       -9.9854333238996520E-002
  0.20734511513692636      -0.10293062712543996     
  0.21362830044410594      -0.10600285748696629     
  0.21991148575128552      -0.10907090303719559     
  0.22619467105846511      -0.11213464265492477     
  0.23247785636564469      -0.11519395538895141     
  0.23876104167282428      -0.11824872046287985     
  0.24504422698000386      -0.12129881727979493     
  0.25132741228718347      -0.12434412542709465     
  0.25761059759436300      -0.12738452468126099     
  0.26389378290154264      -0.13041989501249815     
  0.27017696820872222      -0.13345011658957417     
  0.27646015351590175      -0.13647506978456528     
  0.28274333882308139      -0.13949463517747632     
  0.28902652413026098      -0.14250869356104723     
  0.29530970943744056      -0.14551712594540872     
  0.30159289474462014      -0.14851981356280031     
  0.30787608005179973      -0.15151663787227926     
  0.31415926535897931      -0.15450748056433231     
  0.32044245066615890      -0.15749222356559356     
  0.32672563597333854      -0.16047074904352696     
  0.33300882128051806      -0.16344293941107341     
  0.33929200658769765      -0.16640867733124498     
  0.34557519189487729      -0.16936784572176308     
  0.35185837720205682      -0.17232032775973227     
  0.35814156250923640      -0.17526600688620778     
  0.36442474781641604      -0.17820476681085143     
  0.37070793312359557      -0.18113649151643765     
  0.37699111843077515      -0.18406106526348273     
  0.38327430373795479      -0.18697837259485667     
  0.38955748904513432      -0.18988829834022725     
  0.39584067435231396      -0.19279072762071583     
  0.40212385965949354      -0.19568554585339440     
  0.40840704496667307      -0.19857263875578254     
  0.41469023027385271      -0.20145189235039732     
  0.42097341558103230      -0.20432319296925916     
  0.42725660088821188      -0.20718642725831801     
  0.43353978619539146      -0.21004148218197691     
  0.43982297150257105      -0.21288824502758003     
  0.44610615680975063      -0.21572660340979480     
  0.45238934211693022      -0.21855644527507348     
  0.45867252742410980      -0.22137765890613251     
  0.46495571273128938      -0.22419013292627268     
  0.47123889803846897      -0.22699375630383206     
  0.47752208334564855      -0.22978841835658556     
  0.48380526865282814      -0.23257400875604761     
  0.49008845396000772      -0.23535041753186317     
  0.49637163926718736      -0.23811753507617203     
  0.50265482457436694      -0.24087525214792033     
  0.50893800988154647      -0.24362345987715417     
  0.51522119518872600      -0.24636204976937542     
  0.52150438049590575      -0.24909091370968506     
  0.52778756580308528      -0.25180994396721840     
  0.53407075111026481      -0.25451903319935931     
  0.54035393641744445      -0.25721807445585726     
  0.54663712172462398      -0.25990696118321821     
  0.55292030703180350      -0.26258558722878639     
  0.55920349233898325      -0.26525384684497610     
  0.56548667764616278      -0.26791163469347740     
  0.57176986295334231      -0.27055884584939910     
  0.57805304826052195      -0.27319537580533354     
  0.58433623356770148      -0.27582112047562313     
  0.59061941887488112      -0.27843597620037180     
  0.59690260418206076      -0.28103983974951791     
  0.60318578948924029      -0.28363260832702164     
  0.60946897479641982      -0.28621417957479683     
  0.61575216010359946      -0.28878445157684557     
  0.62203534541077909      -0.29134332286324277     
  0.62831853071795862      -0.29389069241409405     
  0.63460171602513826      -0.29642645966360887     
  0.64088490133231779      -0.29895052450408482     
  0.64716808663949732      -0.30146278728975090     
  0.65345127194667707      -0.30396314884074316     
  0.65973445725385660      -0.30645151044708052     
  0.66601764256103613      -0.30892777387251669     
  0.67230082786821577      -0.31139184135841846     
  0.67858401317539530      -0.31384361562761826     
  0.68486719848257482      -0.31628299988825670     
  0.69115038378975457      -0.31870989783761738     
  0.69743356909693410      -0.32112421366592553     
  0.70371675440411363      -0.32352585206013851     
  0.70999993971129327      -0.32591471820766504     
  0.71628312501847280      -0.32829071780017316     
  0.72256631032565244      -0.33065375703730077     
  0.72884949563283208      -0.33300374263023380     
  0.73513268094001161      -0.33534058180560256     
  0.74141586624719114      -0.33766418230901535     
  0.74769905155437077      -0.33997445240866336     
  0.75398223686155030      -0.34227130089908425     
  0.76026542216872994      -0.34455463710460771     
  0.76654860747590958      -0.34682437088301316     
  0.77283179278308911      -0.34908041262909900     
  0.77911497809026864      -0.35132267327823419     
  0.78539816339744828      -0.35355106430980399     
  0.79168134870462792      -0.35576549775070831     
  0.79796453401180745      -0.35796588617893144     
  0.80424771931898709      -0.36015214272692531     
  0.81053090462616662      -0.36232418108499354     
  0.81681408993334614      -0.36448191550478992     
  0.82309727524052589      -0.36662526080264940     
  0.82938046054770542      -0.36875413236296262     
  0.83566364585488495      -0.37086844614156883     
  0.84194683116206459      -0.37296811866892748     
  0.84823001646924412      -0.37505306705359032     
  0.85451320177642376      -0.37712320898536428     
  0.86079638708360340      -0.37917846273858929     
  0.86707957239078293      -0.38121874717535409     
  0.87336275769796246      -0.38324398174872093     
  0.87964594300514209      -0.38525408650594162     
  0.88592912831232162      -0.38724898209147002     
  0.89221231361950126      -0.38922858975025765     
  0.89849549892668090      -0.39119283133077504     
  0.90477868423386043      -0.39314162928814816     
  0.91106186954103996      -0.39507490668718009     
  0.91734505484821960      -0.39699258720536346     
  0.92362824015539924      -0.39889459513596409     
  0.92991142546257877      -0.40078085539097164     
  0.93619461076975841      -0.40265129350403278     
  0.94247779607693793      -0.40450583563348175     
  0.94876098138411746      -0.40634440856519377     
  0.95504416669129710      -0.40816693971541251     
  0.96132735199847674      -0.40997335713373589     
  0.96761053730565627      -0.41176358950590825     
  0.97389372261283591      -0.41353756615662957     
  0.98017690792001544      -0.41529521705232991     
  0.98646009322719497      -0.41703647280395212     
  0.99274327853437472      -0.41876126466969077     
  0.99902646384155425      -0.42046952455775755     
   1.0053096491487339      -0.42216118502896072     
   1.0115928344559133      -0.42383617929941797     
   1.0178760197630929      -0.42549444124324171     
   1.0241592050702726      -0.42713590539508378     
   1.0304423903774520      -0.42876050695276818     
   1.0367255756846316      -0.43036818177980890     
   1.0430087609918115      -0.43195886640791048     
   1.0492919462989909      -0.43353249803960936     
   1.0555751316061706      -0.43508901455061511     
   1.0618583169133502      -0.43662835449230208     
   1.0681415022205296      -0.43815045709419198     
   1.0744246875277093      -0.43965526226628598     
   1.0807078728348889      -0.44114271060141513     
   1.0869910581420683      -0.44261274337768747     
   1.0932742434492480      -0.44406530256074978     
   1.0995574287564276      -0.44550033080598744     
   1.1058406140636070      -0.44691777146101597     
   1.1121237993707869      -0.44831756856767746     
   1.1184069846779665      -0.44969966686434681     
   1.1246901699851459      -0.45106401178819316     
   1.1309733552923256      -0.45241054947721221     
   1.1372565405995052      -0.45373922677235506     
   1.1435397259066846      -0.45504999121977252     
   1.1498229112138643      -0.45634279107270581     
   1.1561060965210439      -0.45761757529362440     
   1.1623892818282233      -0.45887429355625819     
   1.1686724671354030      -0.46011289624749691     
   1.1749556524425828      -0.46133333446940455     
   1.1812388377497622      -0.46253556004120716     
   1.1875220230569419      -0.46371952550110401     
   1.1938052083641215      -0.46488518410812291     
   1.2000883936713009      -0.46603248984409923     
   1.2063715789784806      -0.46716139741536339     
   1.2126547642856602      -0.46827186225455192     
   1.2189379495928396      -0.46936384052242747     
   1.2252211349000193      -0.47043728910956645     
   1.2315043202071989      -0.47149216563802848     
   1.2377875055143783      -0.47252842846315024     
   1.2440706908215582      -0.47354603667501177     
   1.2503538761287378      -0.47454495010014175     
   1.2566370614359172      -0.47552512930321372     
   1.2629202467430969      -0.47648653558844212     
   1.2692034320502765      -0.47742913100108397     
   1.2754866173574559      -0.47835287832911783     
   1.2817698026646356      -0.47925774110462177     
   1.2880529879718152      -0.48014368360510745     
   1.2943361732789946      -0.48101067085510185     
   1.3006193585861743      -0.48185866862746324     
   1.3069025438933541      -0.48268764344463611     
   1.3131857292005336      -0.48349756258011745     
   1.3194689145077132      -0.48428839405972929     
   1.3257520998148928      -0.48506010666276689     
   1.3320352851220723      -0.48581266992336852     
   1.3383184704292519      -0.48654605413161056     
   1.3446016557364315      -0.48726023033470062     
   1.3508848410436110      -0.48795517033824948     
   1.3571680263507906      -0.48863084670718998     
   1.3634512116579702      -0.48928723276694336     
   1.3697343969651496      -0.48992430260457642     
   1.3760175822723295      -0.49054203106963218     
   1.3823007675795091      -0.49114039377519875     
   1.3885839528866886      -0.49171936709899616     
   1.3948671381938682      -0.49227892818417140     
   1.4011503235010478      -0.49281905494015538     
   1.4074335088082273      -0.49333972604368787     
   1.4137166941154069      -0.49384092093958615     
   1.4199998794225865      -0.49432261984150466     
   1.4262830647297660      -0.49478480373280975     
   1.4325662500369456      -0.49522745436726889     
   1.4388494353441252      -0.49565055426980137     
   1.4451326206513049      -0.49605408673715012     
   1.4514158059584845      -0.49643803583852625     
   1.4576989912656642      -0.49680238641626318     
   1.4639821765728436      -0.49714712408647022     
   1.4702653618800232      -0.49747223523947437     
   1.4765485471872029      -0.49777770704041230     
   1.4828317324943823      -0.49806352742983095     
   1.4891149178015619      -0.49832968512401471     
   1.4953981031087415      -0.49857616961548867     
   1.5016812884159210      -0.49880297117349615     
   1.5079644737231006      -0.49901008084430731     
   1.5142476590302805      -0.49919749045152889     
   1.5205308443374599      -0.49936519259659884     
   1.5268140296446395      -0.49951318065894518     
   1.5330972149518192      -0.49964144879618938     
   1.5393804002589986      -0.49974999194456138     
   1.5456635855661782      -0.49983880581898832     
   1.5519467708733579      -0.49990788691319138     
   1.5582299561805373      -0.49995723250002155     
   1.5645131414877169      -0.49998684063137144     
   1.5707963267948966      -0.49999671013836072     
   1.5770795121020762      -0.49998684063137583     
   1.5833626974092558      -0.49995723250001711     
   1.5896458827164355      -0.49990788691319576     
   1.5959290680236149      -0.49983880581898388     
   1.6022122533307945      -0.49974999194458347     
   1.6084954386379742      -0.49964144879618488     
   1.6147786239451536      -0.49951318065892752     
   1.6210618092523332      -0.49936519259661205     
   1.6273449945595129      -0.49919749045152445     
   1.6336281798666923      -0.49901008084428516     
   1.6399113651738719      -0.49880297117350936     
   1.6461945504810518      -0.49857616961548867     
   1.6524777357882312      -0.49832968512399700     
   1.6587609210954108      -0.49806352742984861     
   1.6650441064025905      -0.49777770704042112     
   1.6713272917097699      -0.49747223523946110     
   1.6776104770169495      -0.49714712408647460     
   1.6838936623241292      -0.49680238641625873     
   1.6901768476313086      -0.49643803583850860     
   1.6964600329384882      -0.49605408673715012     
   1.7027432182456679      -0.49565055426981458     
   1.7090264035528475      -0.49522745436728210     
   1.7153095888600272      -0.49478480373281858     
   1.7215927741672068      -0.49432261984150022     
   1.7278759594743862      -0.49384092093957732     
   1.7341591447815659      -0.49333972604370108     
   1.7404423300887455      -0.49281905494015094     
   1.7467255153959249      -0.49227892818415808     
   1.7530087007031045      -0.49171936709900937     
   1.7592918860102842      -0.49114039377519875     
   1.7655750713174636      -0.49054203106960570     
   1.7718582566246432      -0.48992430260458963     
   1.7781414419318231      -0.48928723276696540     
   1.7844246272390025      -0.48863084670717233     
   1.7907078125461822      -0.48795517033826269     
   1.7969909978533618      -0.48726023033471383     
   1.8032741831605412      -0.48654605413159729     
   1.8095573684677209      -0.48581266992336852     
   1.8158405537749005      -0.48506010666276245     
   1.8221237390820799      -0.48428839405972929     
   1.8284069243892596      -0.48349756258013066     
   1.8346901096964392      -0.48268764344460513     
   1.8409732950036186      -0.48185866862744559     
   1.8472564803107985      -0.48101067085512833     
   1.8535396656179781      -0.48014368360510301     
   1.8598228509251575      -0.47925774110461733     
   1.8661060362323372      -0.47835287832914436     
   1.8723892215395168      -0.47742913100107953     
   1.8786724068466962      -0.47648967075860943     
   3.7699111843077517       0.29389262614623651     
   3.7761943696149314       0.29642645966362213     
   3.7824775549221110       0.29895052450409476     
   3.7887607402292907       0.30146278728973430     
   3.7950439255364699       0.30396314884073766     
   3.8013271108436499       0.30645151044708607     
   3.8076102961508291       0.30892777387251996     
   3.8138934814580088       0.31139184135842951     
   3.8201766667651884       0.31384361562762048     
   3.8264598520723681       0.31628299988825559     
   3.8327430373795477       0.31870989783761516     
   3.8390262226867273       0.32112421366592664     
   3.8453094079939070       0.32352585206012635     
   3.8515925933010862       0.32591471820767393     
   3.8578757786082662       0.32829071780019198     
   3.8641589639154454       0.33065375703728195     
   3.8704421492226251       0.33300374263023269     
   3.8767253345298047       0.33534058180560922     
   3.8830085198369844       0.33766418230901535     
   3.8892917051441640       0.33997445240867658     
   3.8955748904513436       0.34227130089908425     
   3.9018580757585233       0.34455463710458123     
   3.9081412610657025       0.34682437088300216     
   3.9144244463728826       0.34908041262910783     
   3.9207076316800618       0.35132267327823635     
   3.9269908169872414       0.35355106430980177     
   3.9332740022944210       0.35576549775071270     
   3.9395571876016007       0.35796588617893366     
   3.9458403729087799       0.36015214272692753     
   3.9521235582159600       0.36232418108500675     
   3.9584067435231396       0.36448191550477227     
   3.9646899288303188       0.36662526080264496     
   3.9709731141374989       0.36875413236297583     
   3.9772562994446781       0.37086844614155556     
   3.9835394847518577       0.37296811866893631     
   3.9898226700590373       0.37505306705360136     
   3.9961058553662170       0.37712320898535762     
   4.0023890406733962       0.37917846273858929     
   4.0086722259805763       0.38121874717535409     
   4.0149554112877555       0.38324398174873642     
   4.0212385965949355       0.38525408650593940     
   4.0275217819021147       0.38724898209143466     
   4.0338049672092939       0.38922858975025099     
   4.0400881525164740       0.39119283133078603     
   4.0463713378236532       0.39314162928816138     
   4.0526545231308333       0.39507490668718226     
   4.0589377084380125       0.39699258720536568     
   4.0652208937451926       0.39889459513596409     
   4.0715040790523718       0.40078085539096719     
   4.0777872643595519       0.40265129350404161     
   4.0840704496667311       0.40450583563347292     
   4.0903536349739102       0.40634440856519377     
   4.0966368202810903       0.40816693971543899     
   4.1029200055882704       0.40997335713374028     
   4.1092031908954496       0.41176358950588610     
   4.1154863762026288       0.41353756615660087     
   4.1217695615098080       0.41529521705232331     
   4.1280527468169881       0.41703647280397643     
   4.1343359321241682       0.41876126466969965     
   4.1406191174313474       0.42046952455773540     
   4.1469023027385266       0.42216118502895855     
   4.1531854880457066       0.42383617929942236     
   4.1594686733528858       0.42549444124321961     
   4.1657518586600650       0.42713590539512797     
   4.1720350439672460       0.42876050695280787     
   4.1783182292744252       0.43036818177976477     
   4.1846014145816044       0.43195886640788178     
   4.1908845998887836       0.43353249803961152     
   4.1971677851959637       0.43508901455061061     
   4.2034509705031429       0.43662835449231530     
   4.2097341558103230       0.43815045709420963     
   4.2160173411175021       0.43965526226628598     
   4.2223005264246822       0.44114271060141952     
   4.2285837117318614       0.44261274337766532     
   4.2348668970390406       0.44406530256073651     
   4.2411500823462207       0.44550033080603163     
   4.2474332676534008       0.44691777146102030     
   4.2537164529605800       0.44831756856763327     
   4.2599996382677592       0.44969966686435120     
   4.2662828235749393       0.45106401178820199     
   4.2725660088821185       0.45241054947717685     
   4.2788491941892977       0.45373922677236828     
   4.2851323794964777       0.45504999121981671     
   4.2914155648036578       0.45634279107271020     
   4.2976987501108370       0.45761757529360675     
   4.3039819354180162       0.45887429355625375     
   4.3102651207251963       0.46011289624747925     
   4.3165483060323755       0.46133333446941338     
   4.3228314913395556       0.46253556004122037     
   4.3291146766467348       0.46371952550110401     
   4.3353978619539149       0.46488518410812729     
   4.3416810472610941       0.46603248984407714     
   4.3479642325682732       0.46716139741533241     
   4.3542474178754524       0.46827186225457840     
   4.3605306031826334       0.46936384052246721     
   4.3668137884898126       0.47043728910953547     
   4.3730969737969918       0.47149216563804613     
   4.3793801591041719       0.47252842846315024     
   4.3856633444113511       0.47354603667495876     
   4.3919465297185303       0.47454495010015058     
   4.3982297150257104       0.47552512930327112     
   4.4045129003328904       0.47648653558843768     
   4.4107960856400696       0.47742913100104867     
   4.4170792709472488       0.47835287832910456     
   4.4233624562544280       0.47925774110462616     
   4.4296456415616081       0.48014368360515602     
   4.4359288268687882       0.48101067085511506     
   4.4422120121759674       0.48185866862744559     
   4.4484951974831475       0.48268764344461840     
   4.4547783827903267       0.48349756258008209     
   4.4610615680975059       0.48428839405969393     
   4.4673447534046851       0.48506010666281990     
   4.4736279387118660       0.48581266992341271     
   4.4799111240190452       0.48654605413156643     
   4.4861943093262244       0.48726023033471383     
   4.4924774946334045       0.48795517033825830     
   4.4987606799405837       0.48863084670716350     
   4.5050438652477629       0.48928723276696540     
   4.5113270505549430       0.48992430260460734     
   4.5176102358621231       0.49054203106961891     
   4.5238934211693023       0.49114039377516783     
   4.5301766064764815       0.49171936709897407     
   4.5364597917836607       0.49227892818417140     
   4.5427429770908407       0.49281905494019956     
   4.5490261623980208       0.49333972604369669     
   4.5553093477052000       0.49384092093958615     
   4.5615925330123801       0.49432261984151349     
   4.5678757183195593       0.49478480373278327     
   4.5741589036267385       0.49522745436725119     
   4.5804420889339177       0.49565055426983673     
   4.5867252742410987       0.49605408673718099     
   4.5930084595482779       0.49643803583849089     
   4.5992916448554571       0.49680238641623670     
   4.6055748301626362       0.49714712408647022     
   4.6118580154698163       0.49747223523946110     
   4.6181412007769955       0.49777770704043434     
   4.6244243860841756       0.49806352742988397     
   4.6307075713913557       0.49832968512400583     
   4.6369907566985349       0.49857616961546658     
   4.6432739420057141       0.49880297117346517     
   4.6495571273128933       0.49901008084428078     
   4.6558403126200734       0.49919749045156864     
   4.6621234979272534       0.49936519259661205     
   4.6684066832344326       0.49951318065890543     
   4.6746898685416118       0.49964144879619821     
   4.6809730538487919       0.49974999194457020     
   4.6872562391559711       0.49983880581895740     
   4.6935394244631503       0.49990788691324439     
   4.6998226097703313       0.49995723250005686     
   4.7061057950775105       0.49998684063133608     
   4.7123889803846897       0.49999671013832975     
   4.7186721656918689       0.49998684063138027     
   4.7249553509990490       0.49995723250003038     
   4.7312385363062281       0.49990788691320021     
   4.7375217216134082       0.49983880581897949     
   4.7438049069205874       0.49974999194457909     
   4.7500880922277675       0.49964144879620703     
   4.7563712775349467       0.49951318065890105     
   4.7626544628421259       0.49936519259659884     
   4.7689376481493060       0.49919749045156425     
   4.7752208334564861       0.49901008084429843     
   4.7815040187636653       0.49880297117346079     
   4.7877872040708445       0.49857616961549756     
   4.7940703893780245       0.49832968512402354     
   4.8003535746852037       0.49806352742980442     
   4.8066367599923829       0.49777770704042112     
   4.8129199452995630       0.49747223523950090     
   4.8192031306067431       0.49714712408647904     
   4.8254863159139223       0.49680238641623670     
   4.8317695012211015       0.49643803583852625     
   4.8380526865282816       0.49605408673715012     
   4.8443358718354608       0.49565055426980137     
   4.8506190571426409       0.49522745436726889     
   4.8569022424498201       0.49478480373280975     
   4.8631854277570001       0.49432261984153114     
   4.8694686130641793       0.49384092093955967     
   4.8757517983713585       0.49333972604366139     
   4.8820349836785377       0.49281905494019074     
   4.8883181689857187       0.49227892818419788     
   4.8946013542928979       0.49171936709898734     
   4.9008845396000771       0.49114039377519875     
   4.9071677249072572       0.49054203106960570     
   4.9134509102144364       0.48992430260454112     
   4.9197340955216156       0.48928723276696101     
   4.9260172808287956       0.48863084670722534     
   4.9323004661359757       0.48795517033825830     
   4.9385836514431549       0.48726023033468296     
   4.9448668367503341       0.48654605413156643     
   4.9511500220575133       0.48581266992338618     
   4.9574332073646934       0.48506010666281990     
   4.9637163926718735       0.48428839405972929     
   4.9699995779790527       0.48349756258011745     
   4.9762827632862328       0.48268764344461840     
   4.9825659485934120       0.48185866862742788     
   4.9888491339005911       0.48101067085507532     
   4.9951323192077703       0.48014368360515164     
   5.0014155045149513       0.47925774110466596     
   5.0076986898221305       0.47835287832910017     
   5.0139818751293097       0.47742913100105749     
   5.0202650604364889       0.47648653558843329     
   5.0265482457436690       0.47552512930323143     
   5.0328314310508482       0.47454495010015058     
   5.0391146163580283       0.47354603667502060     
   5.0453978016652083       0.47252842846315024     
   5.0516809869723875       0.47149216563801083     
   5.0579641722795667       0.47043728910953991     
   5.0642473575867459       0.46936384052243629     
   5.0705305428939260       0.46827186225457840     
   5.0768137282011061       0.46716139741537221     
   5.0830969135082853       0.46603248984409040     
   5.0893800988154645       0.46488518410812291     
   5.0956632841226446       0.46371952550109519     
   5.1019464694298238       0.46253556004119833     
   5.1082296547370030       0.46133333446943992     
   5.1145128400441839       0.46011289624750579     
   5.1207960253513631       0.45887429355622289     
   5.1270792106585423       0.45761757529361557     
   5.1333623959657215       0.45634279107271464     
   5.1396455812729016       0.45504999121976369     
   5.1459287665800808       0.45373922677236389     
   5.1522119518872609       0.45241054947721221     
   5.1584951371944401       0.45106401178819316     
   5.1647783225016202       0.44969966686435564     
   5.1710615078087994       0.44831756856765093     
   5.1773446931159786       0.44691777146102479     
   5.1836278784231586       0.44550033080603163     
   5.1899110637303387       0.44406530256074095     
   5.1961942490375179       0.44261274337765211     
   5.2024774343446971       0.44114271060142396     
   5.2087606196518772       0.43965526226629481     
   5.2150438049590564       0.43815045709416545     
   5.2213269902662356       0.43662835449234627     
   5.2276101755734166       0.43508901455064158     
   5.2338933608805958       0.43353249803957400     
   5.2401765461877750       0.43195886640787517     
   5.2464597314949541       0.43036818177980890     
   5.2527429168021342       0.42876050695278584     
   5.2590261021093134       0.42713590539508378     
   5.2653092874164935       0.42549444124325059     
   5.2715924727236727       0.42383617929941797     
   5.2778756580308528       0.42216118502895189     
   5.2841588433380320       0.42046952455774866     
   5.2904420286452112       0.41876126466970848     
   5.2967252139523913       0.41703647280396983     
   5.3030083992595713       0.41529521705232991     
   5.3092915845667505       0.41353756615660309     
   5.3155747698739297       0.41176358950590825     
   5.3218579551811098       0.40997335713374472     
   5.3281411404882890       0.40816693971537715     
   5.3344243257954682       0.40634440856518494     
   5.3407075111026483       0.40450583563353476     
   5.3469906964098284       0.40265129350405043     
   5.3532738817170076       0.40078085539093627     
   5.3595570670241868       0.39889459513596409     
   5.3658402523313669       0.39699258720536346     
   5.3721234376385461       0.39507490668718009     
   5.3784066229457261       0.39314162928816582     
   5.3846898082529053       0.39119283133077504     
   5.3909729935600854       0.38922858975025765     
   5.3972561788672646       0.38724898209143466     
   5.4035393641744438       0.38525408650590626     
   5.4098225494816230       0.38324398174876512     
   5.4161057347888040       0.38121874717538939     
   5.4223889200959832       0.37917846273858047     
   5.4286721054031624       0.37712320898536428     
   5.4349552907103424       0.37505306705359032     
   5.4412384760175216       0.37296811866890983     
   5.4475216613247008       0.37086844614156883     
   5.4538048466318809       0.36875413236299798     
   5.4600880319390610       0.36662526080264940     
   5.4663712172462402       0.36448191550475462     
   5.4726544025534194       0.36232418108495817     
   5.4789375878605986       0.36015214272692531     
   5.4852207731677787       0.35796588617897562     
   5.4915039584749588       0.35576549775072602     
   5.4977871437821380       0.35355106430981281     
   5.5040703290893180       0.35132267327823419     
   5.5103535143964972       0.34908041262908129     
   5.5166366997036764       0.34682437088297785     
   5.5229198850108556       0.34455463710460771     
   5.5292030703180366       0.34227130089911956     
   5.5354862556252158       0.33997445240866336     
   5.5417694409323950       0.33766418230897999     
   5.5480526262395742       0.33534058180560256     
   5.5543358115467543       0.33300374263025151     
   5.5606189968539335       0.33065375703728311     
   5.5669021821611135       0.32829071780020852     
   5.5731853674682936       0.32591471820768275     
   5.5794685527754728       0.32352585206012086     
   5.5857517380826520       0.32112421366590788     
   5.5920349233898312       0.31870989783759968     
   5.5983181086970113       0.31628299988827441     
   5.6046012940041914       0.31384361562761826     
   5.6108844793113706       0.31139184135840081     
   5.6171676646185498       0.30892777387253434     
   5.6234508499257299       0.30645151044709823     
   5.6297340352329091       0.30396314884072551     
   5.6360172205400882       0.30146278728976855     
   5.6423004058472692       0.29895052450412013     
   5.6485835911544484       0.29642841008052956     
